DMA_diam_nm_VQadj
571.54767
573.698
571.81293
573.18268
571.55396
573.18005
571.16443
573.45007
570.90924
574.33209
570.89594
573.43683
570.40143
573.44128
570.29785
574.29919
571.13922
573.1662
571.19147
573.43347
570.87567
573.13312
571.53192
573.17664
571.16638
573.18317
571.13574
573.20825
570.91351
573.44733
570.9165
573.45361
571.18958
573.46594
572.03601
573.18542
572.31689
573.42255
572.06653
573.46185
573.16614
573.44568
572.0285
572.2782
571.94635
573.27039
572.00446
573.41107
572.28619
572.33966
571.79034
572.30194
573.19684
572.29944
573.18427
572.29962
573.19586
571.82056
573.19855
571.80768
574.09479
571.43182
574.04828
570.98785
573.2251
571.31158
573.22424
570.72858
574.03241
570.9668
574.0517
570.29419
574.35583
570.40607
574.35492
570.29083
574.07642
570.66553
574.08252
570.95172
574.09015
570.98962
573.69342
570.03723
574.0097
570.36584
574.24646
570.4212
574.06128
569.82733
574.0813
570.43866
574.07013
570.71826
574.08221
570.33911
574.31665
569.4798
574.04901
570.43195
573.81842
570.0213
574.30908
570.04639
574.03827
570.33716
573.70923
570.91229
574.30908
570.91852
574.03815
570.93921
574.06146
571.20038
574.05988
570.33844
574.07605
570.04126
573.20276
570.07214
573.19147
570.91962
574.07513
569.77045
574.08051
570.90863
573.18835
570.67834
573.78546
570.92328
573.18927
570.07764
572.92316
570.9303
573.72913
571.20813
574.0658
570.05328
574.03064
570.87592
574.06342
570.73547
574.05414
570.38586
573.99622
570.63666
573.15448
570.92896
574.33179
570.91748
573.9538
569.7619
574.06177
571.13831
573.1463
570.87891
572.95398
570.87415
573.17938
570.65186
574.02637
570.92059
573.19189
571.16467
573.18848
570.89484
574.06152
571.54193
574.03015
570.34247
573.81805
571.51483
573.64648
569.80231
574.31567
570.4068
574.0246
570.43427
574.02612
109.84069
110.31864
109.82993
110.42603
109.80486
9.5768604
9.6843004
9.239645
9.5305624
9.0772552
12.338417
11.466079
11.69873
11.693324
11.615783
12.024523
10.509331
11.510655
13.457626
11.015065
10.190069
11.997476
11.577492
12.732493
12.101416
11.830262
12.153196
12.221729
10.131631
13.783282
13.546631
9.6949501
10.641422
15.304302
6.2744589
16.934132
5.2826304
17.368286
17.217009
8.9305401
18.532303
17.258512
16.862799
18.606777
NAN
NAN
NAN
NAN
17.505358
17.444515
5.4370127
1.9217954
6.7488227
4.510036
12.523319
6.1736069
14.608989
10.558108
12.263433
10.837614
9.9064713
10.357186
12.733053
12.000371
12.051173
13.21895
11.546997
10.892021
11.651997
12.079265
13.393749
11.426068
12.625674
11.922214
11.93127
11.147273
10.045831
12.884413
11.399136
12.221107
12.41527
12.019289
11.663116
11.825291
11.898993
11.655092
11.54452
12.083414
10.919692
11.33611
12.696207
10.628963
13.194631
10.490704
11.030659
12.727437
11.175211
10.581501
10.659957
11.596912
12.341964
11.888485
11.392651
12.620579
11.857416
11.605415
12.179027
12.338372
11.404698
11.901222
11.879468
11.121581
11.177326
11.877842
11.85751
11.394331
11.6493
12.238725
12.315983
12.706411
11.420909
12.45657
12.580104
11.794455
12.180075
11.390554
12.132418
11.608112
11.430177
12.264297
12.179911
11.368367
11.298908
12.564795
12.544081
12.508332
11.726037
12.595863
11.643895
11.933289
11.715127
12.49791
11.286047
11.375806
12.229561
12.404744
11.63063
12.247934
11.953012
11.830425
11.750566
11.792368
11.679766
11.841459
11.522819
11.704728
11.990427
11.787096
11.627361
11.443579
11.753297
11.819537
12.233613
11.879485
12.24938
11.852106
12.405498
11.682718
12.482677
12.173947
12.737847
12.159313
11.718251
11.647226
11.669353
12.605857
12.410476
12.569817
11.416404
12.508459
12.05702
12.585312
12.206013
12.29115
12.513428
11.292037
11.578253
11.520809
11.655641
11.745328
12.596004
11.15029
12.487634
11.864128
11.858095
12.549136
12.544684
11.712817
11.705508
11.265236
11.494057
11.349852
12.242832
12.281011
11.313866
11.721045
12.216335
12.322065
12.21643
12.159367
12.575289
12.254376
11.152584
10.619725
11.745863
10.703526
13.428281
12.083888
11.770697
11.091302
11.899582
12.211222
11.520843
11.29204
12.077593
11.88012
11.663757
11.939548
11.982308
12.126725
12.338296
11.858595
11.576043
12.062906
11.985398
11.971941
11.743219
12.211317
11.991279
12.094892
11.867769
11.955707
11.876516
11.925109
11.69705
11.768307
11.565008
11.553779
11.751955
11.518419
11.705448
12.286461
11.825847
11.66114
12.379198
11.598909
12.116262
11.560053
11.885533
11.880334
11.939642
11.282574
11.683701
11.742873
11.874795
11.214582
12.169302
12.144765
12.300882
11.878308
11.896292
12.431698
12.524027
11.898189
12.467842
12.285642
11.408043
11.044254
11.048959
12.052163
12.732715
11.240774
11.63938
11.950418
11.512088
11.256802
12.656978
12.395031
11.378263
12.174691
11.174598
12.185199
11.647635
12.713146
12.323707
12.100826
11.923898
12.441612
12.01983
11.634647
12.129205
11.794029
11.640342
11.207967
12.039459
11.85878
11.496597
12.259191
12.390381
12.275104
11.954173
11.993679
11.83054
11.891476
12.002063
12.322417
12.297431
11.782626
11.868298
11.650886
11.771066
11.864485
11.765542
12.358589
12.390648
12.111136
11.618122
11.891414
12.202008
11.1044
13.107003
10.998894
11.997145
12.116547
12.197764
11.719614
12.421319
11.939829
11.863002
12.064872
11.54102
11.471
11.5101
12.015252
12.022149
11.947387
11.703197
11.736012
11.56552
11.774181
11.957776
11.801282
11.914785
11.670238
11.936549
11.844607
11.763664
11.90965
11.860992
11.817696
11.697813
11.904263
11.708706
11.847013
11.990512
11.629261
11.779751
12.21902
12.043574
12.018386
12.036503
11.798455
12.052542
11.678031
12.020842
11.612257
11.880679
12.045061
12.0902
11.784054
11.85912
11.805517
12.138303
12.057184
12.175267
12.178246
12.269956
12.013253
10.877468
11.568829
12.063474
12.442593
11.668091
11.711483
12.111575
11.407614
12.122053
12.24008
12.153985
12.002533
11.460012
11.142798
10.359207
11.131314
10.674469
12.529993
12.10215
9.6264715
9.3177671
12.13932
12.002693
11.817602
62.299618
62.497288
61.547909
62.529503
61.936806
62.772377
62.136185
62.537952
61.973133
62.650444
62.618233
62.296391
62.523811
62.619656
62.244583
62.524014
62.246742
62.411018
62.400875
62.563828
62.284103
62.517097
62.082363
62.577293
62.197567
62.434742
62.269447
62.400124
62.176537
62.61298
62.362297
62.598042
62.16626
62.513306
62.194538
62.564732
62.257175
62.53735
62.17807
62.518986
62.335194
62.706932
62.399521
62.486576
62.169792
62.560097
62.248833
62.511852
62.251301
62.666973
62.286438
62.592594
62.277943
62.580681
62.376053
62.563583
62.456047
62.587261
62.330799
62.456047
62.370174
62.307358
62.439873
62.522293
62.414436
62.561779
62.421772
62.449848
62.447266
62.45821
62.437733
62.473133
62.451439
62.47641
62.460125
62.335995
62.529713
62.328876
62.54705
62.375828
62.493156
62.300713
62.536499
62.300022
62.562683
62.212101
62.602909
62.252792
62.61377
62.293587
62.448616
62.128609
62.522171
62.215149
62.648991
62.309822
62.5583
62.31308
62.421173
62.401882
62.564873
62.329357
62.520638
62.269043
62.465397
62.32901
62.537193
62.325848
62.564617
62.295139
62.435242
62.421005
62.466694
62.540733
62.460636
62.696644
62.277088
62.342911
62.546253
62.488731
62.440018
62.631554
62.370533
62.679565
62.273159
62.482658
62.264076
62.618801
62.376522
62.481407
62.183781
62.484222
62.339947
62.623432
62.151661
62.655262
62.269428
62.542526
62.384998
62.458813
62.254826
62.41275
62.40255
62.638828
62.388081
62.463039
62.407314
62.396465
62.408009
62.315147
62.418861
62.287727
62.606991
62.420868
62.527344
62.226772
62.324036
62.505714
62.618896
62.31469
62.674931
62.310078
62.393467
62.280319
62.394562
62.331692
62.640972
62.394615
62.49139
62.342613
62.670559
62.248222
62.463039
62.175785
62.629112
62.306015
62.448406
62.376278
62.545143
62.227009
62.49992
62.461063
62.458393
62.378204
62.4534
62.146694
62.5872
62.227264
62.456799
62.303318
62.655369
62.461987
62.662834
62.283798
62.452152
62.353611
62.630459
62.379482
62.532001
62.309216
62.606789
62.311981
62.380409
62.483795
62.526905
62.538357
62.447586
62.377232
62.401794
62.395012
62.452221
62.410847
62.498955
62.388096
62.394367
62.629318
62.450413
62.671898
62.387524
62.656441
62.360172
62.61087
62.259819
62.415943
62.227654
62.583462
62.193672
62.405567
62.064335
62.407547
62.583214
62.648243
62.236725
62.536434
62.241158
62.706196
62.275509
62.584042
62.201298
62.588795
62.278759
62.611221
62.252159
62.579617
62.287876
62.516479
62.297474
62.632397
62.22715
62.534496
62.265491
62.516479
62.290382
62.598766
62.228043
62.525211
62.234592
62.586067
62.300293
62.560471
62.218464
62.531097
62.353062
62.551743
62.244862
62.57975
62.230328
62.591053
62.2994
62.620289
62.320469
62.559223
62.335453
62.578506
62.256912
62.522167
62.325077
62.611328
62.263805
62.591553
62.284142
62.545517
62.314838
62.531448
62.182926
62.573956
62.351395
62.485294
62.197029
62.636829
62.339317
62.54641
62.182831
62.582909
62.311291
62.731979
62.367424
62.637032
62.305012
62.534286
62.35062
62.645195
62.440617
62.446396
62.471607
62.529423
62.444241
62.453297
62.422176
62.57481
62.491276
62.546715
62.479992
62.441769
62.463249
62.509052
62.458839
62.41283
62.508018
62.380974
62.461933
62.37579
62.500061
62.500938
62.633633
62.316471
62.593224
62.472958
62.532143
62.324623
62.726192
62.440144
62.508793
62.359077
62.488167
62.419933
62.467617
62.431229
62.591084
62.264011
62.498131
62.264587
62.679508
62.387993
62.678261
62.296371
62.573051
62.433937
62.645889
62.286079
62.591427
62.422764
62.461723
62.281452
62.605106
62.331638
62.674881
62.372196
62.682949
62.203377
62.69355
62.255817
62.596096
62.171658
62.708481
62.32938
62.728649
62.243073
62.685787
62.063408
62.561512
62.240597
62.521278
62.260117
62.576473
62.395447
62.526314
62.382694
62.520714
62.594311
62.519119
62.374893
62.594898
62.400826
62.342846
62.561253
62.354462
62.493118
62.241642
62.451736
62.312538
62.454445
62.469727
62.673336
62.217922
62.474548
62.439247
62.540321
62.435528
62.579311
62.17017
62.591427
62.220749
62.688618
62.176071
62.528194
62.188839
62.542835
62.26416
62.579983
62.401554
62.664368
62.080429
62.450142
62.29818
62.46138
62.44228
62.427113
62.311596
62.477947
62.036785
62.629745
62.285236
62.547127
62.367359
62.664268
62.33176
62.58963
62.234394
62.595165
62.259338
67.429726
67.24929
67.568794
67.408081
67.560532
67.182343
67.583946
67.420982
67.562065
67.215782
67.640793
67.284386
67.562759
67.299202
67.51693
67.433304
67.523949
67.380127
67.573341
67.221077
67.574875
67.15139
67.499741
67.380379
67.654427
67.298241
67.45298
67.355904
67.830803
67.262154
67.541595
67.238846
67.704918
67.290916
67.550674
67.163544
67.426674
67.422035
67.414024
67.293358
67.549919
67.405716
67.815857
67.066437
67.321472
67.311226
67.886658
67.175652
67.531403
67.390831
67.895218
66.949936
67.931923
67.062721
67.792892
67.189072
67.121216
67.445496
67.311218
67.439545
67.907272
67.631432
67.600159
67.587296
68.098473
67.396988
66.747368
66.622643
67.613853
67.55294
67.742668
67.838394
66.907471
67.810844
67.253601
68.034393
67.331497
66.736259
67.241203
66.648575
67.377815
67.550575
67.380196
67.750237
66.588745
68.088989
67.828987
67.745537
66.736984
67.840874
67.352783
67.038147
67.327538
67.173332
67.359779
67.653984
67.447716
67.428574
67.115135
67.882339
67.429459
67.875214
67.474602
67.771706
67.264542
67.421867
67.195763
67.412811
67.364815
67.621811
67.553368
67.548088
67.164902
67.848289
67.259827
67.614403
67.251289
67.498367
67.315094
67.712234
67.315086
67.401955
72.084717
72.533524
72.246407
72.610054
72.206352
72.696526
72.237587
72.711121
72.376091
72.641617
72.40715
72.710876
72.370377
72.512711
72.261269
72.597939
72.25959
72.46682
72.554413
72.45015
72.496689
72.531425
72.454811
72.375046
72.460526
72.212761
72.577438
72.323433
72.616127
72.312134
72.713966
72.470322
72.742523
72.229797
72.569939
72.433418
72.596535
72.36042
72.474037
72.192215
72.652367
72.307999
72.675995
72.3526
72.593849
72.455185
72.542717
72.390892
72.648796
72.227951
72.564362
72.381134
72.626381
72.296944
72.558334
72.255035
72.437775
72.392593
72.560196
72.410866
72.462532
72.470848
72.532623
72.36615
72.544106
72.519203
72.524841
72.398438
72.323303
72.523354
72.495323
72.540924
72.417633
72.448967
72.511642
72.555115
72.434875
72.525497
72.513878
72.476234
72.408516
72.434738
72.481979
72.54908
72.415199
72.405182
72.561684
72.391563
72.403328
72.397461
72.608284
72.537949
72.398674
72.399986
72.358551
72.404541
72.521515
72.520691
72.554619
72.426788
72.714012
72.454964
72.660538
72.318657
72.397491
72.190536
72.528526
72.4758
72.625175
72.255775
72.53978
72.429207
72.641136
72.377998
72.607956
72.471222
72.460258
72.510414
72.424004
72.41996
72.711975
72.287285
72.677116
72.213394
72.482224
72.178467
72.55114
72.29203
72.563019
72.239067
72.452072
72.371071
72.469185
72.260963
72.498169
72.452728
72.599197
72.337273
72.384888
72.505554
72.395142
72.594147
72.522766
77.754303
77.605591
77.56955
77.404152
77.747566
77.433922
77.595154
77.347404
77.727745
77.463631
77.740814
77.275482
77.753464
77.452393
77.5746
77.338646
77.569611
77.287605
77.595154
77.252434
77.592651
77.217316
77.762306
77.197945
77.712982
77.300339
77.546318
77.166824
77.685608
77.354774
77.579605
77.245804
77.709419
77.198708
77.707954
77.343468
77.555435
77.333694
77.732735
77.200813
77.590599
77.457672
77.564743
77.484077
77.671219
77.449226
77.658875
77.387032
77.616753
77.509911
77.604141
77.40667
77.62986
77.133255
77.658119
77.284706
77.607582
77.421074
77.65638
77.355553
77.628113
77.384537
77.586349
77.300194
77.675583
77.239471
77.561325
77.410141
77.538589
77.356468
77.695343
77.477737
77.570435
77.420029
77.616394
77.394791
77.722595
77.288322
77.65744
77.421074
77.694824
77.398216
77.593407
77.318932
77.559822
77.296349
77.551704
77.400703
77.589912
77.336754
77.654373
77.391197
77.719307
77.398895
77.698524
77.452095
77.58168
77.325119
77.577179
82.565926
82.746346
82.439369
82.586983
82.510422
82.756104
82.517853
82.616318
82.58757
82.741669
82.451874
82.680054
82.508987
82.702354
82.628662
82.771057
82.556458
82.830772
82.417557
82.738846
82.630699
82.732758
82.487427
82.776749
82.468018
82.755051
82.492874
82.756065
82.62056
82.75219
82.617302
82.744293
82.531326
82.620964
82.501595
82.628433
82.539032
82.599319
82.610222
82.615906
82.613251
82.636551
82.718063
82.619728
82.616676
82.540367
82.591614
82.508804
82.767006
82.444557
82.610611
82.455894
82.733147
82.429016
82.707535
82.514862
82.813644
82.454262
82.705116
82.521683
82.703377
82.435455
82.703773
82.486595
82.757881
82.445175
82.680534
82.331512
82.714729
82.250496
82.72422
82.299507
82.799431
82.391266
82.705559
82.356949
82.768013
82.262573
82.716545
82.290459
82.736595
82.329979
82.740021
82.346489
82.767036
82.355324
82.72506
82.337036
82.730515
82.30455
82.772072
82.457298
82.717339
82.280762
82.722
82.497063
82.759521
82.353539
82.73597
82.288437
82.763756
82.375473
82.731918
82.492409
82.728867
82.505981
87.688652
87.416115
87.715569
87.407196
87.720428
87.451012
87.733849
87.435303
87.701889
87.398247
87.721344
87.429298
87.737556
87.401932
87.727242
87.459923
87.731323
87.387245
87.733078
87.285049
87.758949
87.26474
87.737556
87.242111
87.718681
87.305359
87.700188
87.207443
87.704086
87.446014
87.718094
87.419052
87.743385
87.424873
87.684425
87.414009
87.744293
87.430847
87.528343
87.562904
87.55571
87.60817
87.550674
87.6138
87.569511
87.501289
87.587563
87.559021
87.599792
87.555923
87.590683
87.539261
87.480949
87.595482
87.546799
87.508308
87.557022
87.577469
87.52951
87.743706
87.608109
87.596359
87.591988
87.795753
87.582275
87.527611
87.61499
87.637299
87.55616
87.717239
87.501152
87.563522
87.551643
87.742149
87.613655
87.710892
87.401016
87.748703
87.47998
87.606064
87.640793
87.713814
87.498436
87.593254
87.60331
87.563911
87.600182
87.787743
92.742096
92.695168
92.517601
92.931763
92.465767
92.867493
92.598427
92.886864
92.581505
92.801704
92.597885
92.892853
92.572128
92.85318
92.475716
92.757309
92.42894
92.925217
92.523666
92.859886
92.390205
92.827034
92.497177
92.917435
92.443794
92.786331
92.566315
92.678078
92.286575
93.010422
92.513969
92.894104
92.362335
92.955688
92.421074
92.904884
92.436569
93.029556
92.473511
92.773918
92.701927
92.829018
92.668777
92.759911
92.819679
92.642967
92.787773
92.597084
92.646881
92.64473
92.78373
92.823387
92.904907
92.690979
92.577995
92.680222
92.782799
92.83242
92.793457
92.64492
92.706596
92.729866
92.583229
92.860199
92.769722
92.733139
92.663261
92.676979
92.610275
92.738113
92.816254
92.847336
92.769249
92.63205
92.891556
92.757095
92.769569
92.778793
92.685883
92.673782
92.834534
92.774048
92.546623
92.738655
92.531693
92.930824
92.621185
92.799438
92.56752
92.950073
92.746765
92.914993
92.501816
92.677963
92.544792
92.914932
92.583565
92.949982
92.597885
92.857544
92.613731
92.838074
92.577721
92.882339
97.636414
97.964333
97.543266
97.784073
97.644035
97.830391
97.82119
97.869637
97.650337
97.930145
97.775642
98.039764
97.575165
97.968292
97.681419
97.955032
97.546455
97.939095
97.552147
97.969841
97.56926
98.013016
97.544968
98.052742
97.493126
97.997734
97.677315
97.892723
97.491875
97.821732
97.766228
97.977875
97.78701
97.818657
97.815163
97.774361
97.847717
97.722168
97.854568
97.797035
97.788383
97.82795
97.779633
97.732086
97.67672
97.736092
97.603683
97.843391
97.779945
97.78569
97.782898
97.723068
97.728462
97.653038
97.625343
97.557144
97.952919
97.635048
97.919014
97.545052
97.963356
97.56266
97.923836
97.649956
97.812996
97.585045
97.952019
97.619759
97.994827
97.558548
97.981247
97.658447
97.978539
97.856865
97.450218
97.949501
97.444572
97.837502
97.506134
97.823044
97.455856
97.992317
97.381462
97.995926
97.419998
97.89624
97.458069
97.994644
97.341476
97.995193
97.415825
97.927246
97.555046
97.952995
97.511032
98.016174
97.531288
97.997215
97.386345
97.91909
97.436974
97.880348
97.299141
97.939087
97.56414
97.846413
97.379807
97.979164
97.349953
97.968124
97.41172
102.88184
102.35316
102.95876
102.3632
102.95507
102.36686
102.98109
102.50858
103.05615
102.51763
102.93236
102.4687
102.95398
102.63441
103.07725
102.41808
102.97826
102.65247
102.99808
102.56942
103.0991
102.66087
103.0762
102.64828
103.04141
102.689
103.00585
102.6723
103.03207
102.53195
103.10046
102.54976
102.92944
102.6991
103.03865
102.67035
102.93697
102.5647
102.92007
102.90154
102.96816
102.72689
102.90572
102.72796
103.00197
102.77713
102.78729
102.77307
102.90135
102.70766
103.0006
102.62036
102.98973
102.72593
103.00973
102.53321
103.02109
102.6114
102.8707
102.68552
103.02458
102.49238
103.04014
102.51755
102.87563
102.65538
102.90343
102.41249
103.0106
102.71288
83.792046
83.488541
83.756561
83.347534
83.655174
83.374985
83.77552
83.389618
83.830429
83.467743
83.811852
83.504158
83.537529
83.529259
83.65374
83.373199
83.620773
83.650703
83.528641
83.655724
83.532654
83.544319
83.583862
83.486298
83.501747
83.565231
83.569794
83.641907
83.483833
83.454613
83.453499
83.504425
83.521843
83.653709
83.720177
83.714745
83.547722
83.617981
83.556984
83.671799
83.568802
83.68203
83.520607
83.586044
83.492485
83.406006
83.463135
83.624641
83.613579
83.551735
83.44426
83.694839
83.408424
83.529892
83.662857
83.648216
83.535248
83.635193
83.427849
83.574821
83.700623
83.533661
83.588242
83.683304
83.646461
83.665237
83.511559
83.492874
83.52964
83.539299
83.744675
83.569801
83.573196
83.629021
83.501144
83.608505
83.658752
83.596924
83.634003
83.612709
83.531036
83.796898
83.514587
83.633598
83.562782
83.625946
83.602188
83.442932
83.47718
83.497276
83.624771
83.662643
83.496887
83.57003
85.72599
85.622292
85.748665
85.625832
85.406776
85.863358
85.777252
85.841492
85.759079
85.651627
85.766022
85.62722
85.426254
85.571007
85.749222
85.864586
85.553314
85.776657
85.882668
85.795982
85.587738
85.996803
85.248589
85.785889
85.34082
85.836472
85.351067
85.509933
85.722275
85.818512
85.615318
85.787498
85.688255
85.964928
85.41214
85.761314
85.18734
86.101517
85.109589
86.175095
85.663506
85.902672
85.534645
85.754776
85.79258
86.089294
85.389397
85.796318
85.387527
86.005402
85.131073
85.636215
85.794197
85.738014
85.715515
85.970436
85.172539
86.214684
85.603081
86.068954
85.675888
85.533371
85.583138
86.027946
85.461731
85.600273
85.680786
86.0802
85.383873
85.507912
85.590141
85.786301
85.126122
85.831154
85.222061
85.52932
85.599815
85.518417
85.599228
85.645309
85.475845
85.694229
87.840004
87.640533
87.560547
88.153984
87.859634
88.121948
87.604362
87.722939
87.737122
88.033257
87.39035
87.913658
87.29937
87.723915
87.527115
87.698746
87.704102
87.647934
87.830879
87.780708
87.896568
88.054619
87.533562
87.651611
87.756218
87.80529
87.615395
87.745163
87.622299
87.576935
87.728279
87.670509
87.546745
87.571457
87.749512
87.73082
87.874878
87.838486
87.75592
87.638138
87.744576
87.721375
87.578018
87.967712
87.535866
87.850159
87.422699
87.939674
87.571274
87.709114
87.591858
87.888084
87.61158
87.858337
87.45723
87.954506
87.54248
87.891396
87.470215
87.804909
87.585083
87.86834
87.60936
87.949432
87.508049
87.887115
87.621208
87.910545
87.543259
87.779678
87.461494
87.923965
87.542084
87.811058
87.690636
87.626625
87.368828
87.844711
87.570366
87.671875
87.537056
87.75824
87.653877
87.727615
87.442734
87.865807
87.699638
87.879814
87.587746
87.683525
87.605492
87.754448
87.609482
87.820808
87.774155
87.791901
87.668381
87.699509
90.630844
90.790627
90.730515
90.699036
90.673073
90.571083
90.785324
90.712326
90.723236
90.722755
90.724747
90.666
90.7584
90.831116
90.678665
90.707123
90.687202
90.683792
90.706169
90.693344
90.730827
90.768272
90.633133
90.700645
90.652107
90.76873
90.808617
90.688148
90.634583
90.639381
90.681122
90.800423
90.714615
90.786362
90.756317
90.835114
90.774429
90.739914
90.710907
90.714775
90.672318
90.542175
90.724182
90.743507
90.710358
90.687096
90.669113
90.722656
90.662933
90.599503
90.721252
90.722626
90.707962
90.683243
90.652496
90.757179
90.70031
90.732674
90.707512
90.743118
90.769028
90.715431
90.720787
90.710289
90.672348
90.683792
90.664825
90.697464
90.772453
90.743965
90.713753
90.78801
90.710281
90.745407
90.664825
90.732162
90.796547
90.739708
90.647697
90.663765
90.697083
90.761993
90.718811
90.722534
90.709732
90.811806
90.682297
90.740608
90.778534
90.749619
90.752457
90.653168
90.680397
90.715408
90.747223
90.797966
90.637032
78.517792
78.493713
78.568298
78.504425
78.513298
78.565575
78.528946
78.549355
78.586342
78.474281
78.645981
78.560135
78.534515
78.619919
78.505272
78.560379
78.528366
78.421799
78.571106
78.45015
78.587128
78.555466
78.512619
78.434433
78.699883
78.412582
78.577271
78.582268
78.59919
78.324402
78.625412
78.430244
78.676781
78.462234
78.656288
78.428146
78.662697
78.433388
78.661354
78.441025
78.70742
78.372963
78.710251
78.500526
78.677322
78.350662
78.678856
78.426254
78.677322
78.411713
78.702545
78.382324
78.741173
78.397964
78.71096
78.546402
78.590179
78.551743
78.538483
78.55336
78.555267
78.55336
78.56353
78.518158
78.529327
78.523033
78.547928
78.544312
78.557617
78.559753
78.509773
78.584328
78.540962
78.508049
78.568962
78.570526
78.521103
78.553741
78.542297
78.509773
78.529037
78.625648
78.538948
78.522072
78.543442
78.532761
78.538597
78.53933
81.555229
81.595695
81.648811
81.597252
81.617775
81.586258
81.6745
81.544106
81.591225
81.583199
81.551674
81.495132
81.62294
81.663429
81.53582
81.627983
81.630585
81.55471
81.519981
81.54808
81.588554
81.584846
81.617516
81.572845
81.564423
81.531357
81.618713
81.600655
81.512955
81.574013
81.543854
81.594299
81.591225
81.587532
81.627678
81.581635
81.610146
81.586502
81.564041
81.571968
81.624603
81.634483
81.596085
81.589569
81.566216
81.591499
81.617836
81.534279
81.608879
81.534805
81.589462
81.568512
81.594421
81.569138
81.600166
81.56749
81.577309
81.592384
81.542976
81.60157
81.559959
81.565308
81.565445
81.599525
81.712402
81.598122
81.561356
81.53875
81.603386
81.57502
81.707924
81.589806
81.569527
81.54808
81.584358
81.566986
81.543221
81.582405
81.57196
81.643608
81.718155
81.427017
83.687523
83.418228
83.771637
83.436028
83.709656
83.472694
83.717323
83.433632
83.699585
83.421387
83.74649
83.423798
83.751518
83.523132
83.763947
83.459503
83.752502
83.264458
83.703217
83.482933
83.695412
83.312424
83.690781
83.243057
83.762955
83.410767
83.706627
83.296043
83.732773
83.412994
83.752892
83.439415
83.755676
83.366127
83.777229
83.446663
83.775398
83.466064
83.694557
83.306046
83.765221
83.340637
83.761322
83.24485
83.780624
83.314804
83.744873
83.451866
83.703239
83.456497
83.778419
83.456436
83.751907
83.47052
83.760963
83.521637
83.733032
83.500732
83.608345
83.605095
83.597305
83.579613
83.542854
83.578606
83.59166
83.589035
83.645203
83.568954
83.492569
83.544868
83.563942
83.590813
83.48632
83.746239
83.467522
83.773003
83.436836
83.738831
83.488945
83.687904
86.468582
86.68428
86.255867
86.742798
86.552406
86.774979
86.459175
86.72023
86.247719
86.658356
86.377228
86.760841
86.488693
86.767715
86.420723
86.864403
86.257431
86.840286
86.411575
86.68782
86.279877
86.795189
86.257812
86.670532
86.366119
86.858932
86.4021
86.804405
86.330696
86.758286
86.61705
86.817139
86.502998
86.659782
86.350548
86.758881
86.59655
86.679977
86.603951
86.824593
86.573051
86.859917
86.616554
86.862831
86.649101
86.699409
86.506439
86.543556
86.665016
86.469421
86.445999
86.70063
86.418945
86.311455
86.641357
86.54821
86.721581
86.611008
86.704346
86.492706
86.490356
86.379951
86.800079
86.484589
86.790855
86.586006
86.610229
86.590508
86.767319
86.55278
86.603127
86.571548
86.636215
86.406364
86.632645
86.40284
86.642082
86.585617
86.833229
86.392082
86.763786
86.437668
86.800461
86.568626
86.751755
86.413597
86.669365
86.439026
86.613396
86.39756
86.760254
86.432922
88.643471
88.398552
88.691307
88.574844
88.873932
88.617661
88.888702
88.55761
88.709656
88.551186
88.674782
88.433212
88.757866
88.389732
88.762299
88.558258
88.791206
88.508469
88.782898
88.450836
88.893173
88.538765
88.811935
88.476242
88.801376
88.449303
88.771317
88.484329
88.788765
88.39579
88.763657
88.423706
88.825386
88.459312
88.807434
88.400208
88.725021
88.429932
88.853088
88.483368
88.785866
88.48661
88.818634
88.461914
88.753609
88.413109
88.800346
88.595627
88.636902
88.522331
88.605667
88.617142
88.780144
88.559708
88.603081
88.595055
88.659264
88.594093
88.643654
88.691383
88.740868
88.56144
88.656624
88.612801
88.622177
88.478737
88.784325
88.415039
88.779182
88.488174
88.842194
88.691269
88.770805
88.482498
88.815216
88.407341
88.720192
88.462204
88.823639
88.574341
88.782394
92.482643
92.829147
92.266861
92.818413
92.538612
92.797882
92.250481
92.911354
92.397247
92.828949
92.38047
92.769775
92.402832
92.850342
92.315834
92.828209
92.383263
92.861526
92.358139
92.775787
92.359848
92.778168
92.445297
92.830132
92.530632
92.854088
92.418121
92.802528
92.259407
92.799171
92.401886
92.809128
92.386078
92.790352
92.479301
92.901848
92.327797
92.808578
92.433136
92.851624
92.311035
92.762268
92.313438
92.859421
92.357056
92.817558
92.340439
92.897011
92.366905
92.758896
92.520905
92.822632
92.315689
92.733192
92.397247
92.721405
92.370094
92.840828
92.372879
92.774261
92.544624
92.836632
92.403076
92.763206
92.368629
92.830673
92.309166
92.829147
92.359451
92.795425
92.361855
92.869202
92.395226
92.752182
92.407349
92.886261
92.236336
92.867538
92.449814
92.739204
92.279907
92.796364
92.333
92.752327
92.360382
11.999211
11.564823
11.918417
11.783486
11.999052
11.982483
11.661405
12.152355
11.749441
11.810829
11.606149
11.330966
11.956054
12.035797
11.793227
11.53155
11.611602
11.966564
12.133152
11.5262
11.688984
11.696716
12.031478
11.853918
11.528145
11.767653
11.711097
11.564971
11.683475
11.870073
11.611693
11.236088
11.505647
11.810891
11.977761
11.53206
11.556027
12.020012
11.234423
11.01758
11.556266
11.878737
11.477737
11.355973
11.88058
11.281825
11.766127
11.264811
12.138069
11.677586
12.175577
11.650136
11.672536
12.234408
11.771293
11.400248
11.472509
11.833754
11.187174
11.329801
11.066504
11.272904
11.316552
11.461143
12.082436
12.153935
11.600179
11.918185
11.726718
12.133039
12.067715
11.336983
11.293102
11.18855
11.358954
11.886097
11.017753
12.170209
11.115491
11.280026
11.716396
11.410451
12.235573
12.090265
11.716152
11.550639
11.219861
11.705625
11.927795
11.415853
11.705551
12.042251
11.884568
11.617363
11.656481
11.773997
11.28866
11.664428
11.374367
11.697642
12.192165
11.255959
12.022264
11.369197
12.271324
12.134334
11.69705
12.391362
11.757866
11.397217
12.292386
12.208248
11.670019
11.735758
11.823262
11.043374
11.757468
12.112956
11.691402
11.773805
12.29235
11.811713
11.762881
11.931119
12.386168
11.559656
12.297693
11.447979
11.890884
11.526069
11.04347
11.526069
12.489376
12.318259
11.312757
11.403131
11.988739
11.564348
11.374187
11.790079
11.974167
11.07126
12.322906
11.294797
11.956132
11.707969
11.718849
11.636324
12.427798
11.779112
11.362615
12.005646
11.497616
11.652632
12.144441
11.88192
11.145278
11.70233
11.110459
12.354804
11.979125
11.865663
12.086247
11.85267
11.66613
12.260651
11.605643
12.318492
11.463444
11.236945
12.000349
11.134857
11.423916
11.941486
11.350732
11.260579
12.000696
11.773253
11.162399
11.197794
11.85301
11.440772
10.877312
11.06992
11.266843
11.682543
11.404352
11.677205
11.825928
11.616473
11.141692
11.832275
11.63894
11.674444
12.031401
11.375205
11.216641
11.319156
12.084935
11.028049
11.505316
11.87863
11.874756
12.103423
12.079309
12.03416
12.153907
11.919805
11.209242
11.407122
11.429392
11.56429
11.674696
11.944872
12.027387
11.917654
11.527955
11.39754
11.818935
11.896369
11.561338
12.228529
11.098103
11.123181
11.337541
12.228466
11.555795
11.814859
11.528102
12.127455
11.051965
11.181997
11.851886
12.106518
11.765228
12.170381
11.282126
12.037149
11.122181
11.079056
11.965075
11.695193
11.884442
11.528449
11.9059
11.251984
11.13954
11.977912
11.921979
11.393937
11.611964
11.562142
11.19663
11.500558
11.943651
11.405135
11.60639
11.787784
11.355342
11.320449
11.617734
11.187836
11.321733
11.61701
11.551011
12.09018
11.299079
12.22872
11.203442
12.181091
11.475205
12.275983
11.406071
11.193476
11.52946
12.164911
11.469607
11.483229
12.055932
12.004957
12.081252
11.422225
12.09318
12.042381
11.329002
11.54459
11.459213
11.246442
12.027801
12.249569
12.114475
11.089975
11.321822
12.106703
11.744118
12.143861
102.59811
102.99557
102.56735
103.09568
102.58229
103.05414
102.84213
103.062
102.67372
102.7309
102.87395
103.05414
102.57793
103.04248
102.76216
102.97713
102.68535
103.12199
102.77611
102.84733
102.777
102.8955
102.65598
102.74084
102.71281
103.08692
102.86264
103.03753
102.75826
103.13008
102.57793
103.10783
102.74335
102.88928
102.8055
103.09171
102.71258
103.1115
102.79787
103.01054
102.91863
102.90031
102.64864
102.90079
102.78691
102.94345
102.85197
102.93
102.6723
103.08479
102.66072
103.03287
102.85809
102.7777
102.73813
102.86514
102.89742
102.76311
102.86498
102.75452
102.84676
102.89769
102.88101
102.90739
102.72916
102.78493
102.86546
102.90187
102.85151
102.78222
102.73207
102.92007
107.8984
107.82108
108.10409
107.81938
108.10567
107.94417
108.02762
107.85786
108.13702
107.96029
107.90478
107.94071
107.98606
107.86124
107.93903
107.76373
108.13487
107.71266
108.10229
107.61388
107.99162
107.71969
108.00269
107.80033
108.11631
107.77255
108.1002
107.75475
108.006
107.51288
108.13581
107.5727
108.00812
107.76105
108.09335
107.53201
108.12802
107.52344
108.03397
107.43495
108.09248
107.57198
108.01486
107.56252
108.0989
107.51885
108.00591
107.57185
108.12887
107.45012
108.03309
107.5563
108.12084
107.70968
108.10728
107.58411
108.13244
107.55294
107.97929
107.7404
108.00465
107.58656
108.17729
107.55164
108.03396
107.60328
108.02242
107.66862
108.16174
107.65427
108.10774
107.74884
108.0423
107.7897
108.13141
107.68304
108.16153
107.79273
108.01316
107.6217
108.15467
107.44003
108.17513
107.55798
108.1445
107.60697
108.20435
107.70324
108.15356
107.61918
108.10129
107.74923
108.07129
107.60282
108.13094
107.69603
108.03983
107.72904
108.03602
107.53555
108.01148
107.76102
108.05756
107.54068
108.11407
107.72817
108.18824
107.65557
108.21028
107.76742
108.06743
107.77997
108.03429
107.74325
108.04287
107.71635
108.07426
107.65466
108.11531
107.41057
107.97627
107.39198
108.11362
107.73623
108.12709
107.51036
108.11118
107.73531
108.02037
107.58026
107.96949
107.50453
107.99527
107.56679
108.01606
107.42648
108.14065
107.45802
108.00542
107.55623
108.15047
107.52245
108.04871
107.59284
108.10036
107.77839
108.08688
107.47274
108.06617
107.4139
108.11646
107.65972
108.02619
107.467
108.14828
107.45007
108.00504
107.45963
108.07041
107.44884
108.16404
107.53594
108.10676
107.5769
108.04693
107.51917
108.12416
107.55953
108.03082
107.44651
108.02792
107.44894
108.1398
107.62302
108.03513
107.66341
108.15251
107.51994
108.03806
107.70447
108.1413
107.76389
108.10545
107.73317
108.11946
107.74539
108.05802
107.79808
108.15571
107.66685
108.01562
107.80821
107.99188
107.7614
108.11391
107.51994
107.83477
107.54314
107.9919
107.41759
108.07503
107.76815
108.1302
107.5406
108.08308
107.50148
108.12616
107.69174
108.0211
107.62708
108.03178
107.65419
108.16573
107.73777
108.1431
107.63216
108.14031
107.74662
108.1428
107.7576
108.14365
107.63638
108.0992
107.79298
108.11647
107.63131
108.09655
107.6422
108.12968
107.7871
108.0677
107.73772
108.20304
107.64867
108.1988
107.7719
107.86855
107.86019
107.85603
107.88305
107.96852
112.79599
113.10064
113.04193
113.13057
112.87624
113.06893
112.83688
113.07336
112.84343
113.04789
112.68871
113.18701
112.63857
112.79063
113.14127
113.02687
112.96875
112.71005
113.14883
112.70551
112.95888
112.81673
113.26913
113.02452
113.03738
113.04626
113.14686
113.01247
113.05015
113.05179
113.14141
112.70421
113.10767
112.56898
113.09515
112.65094
113.27983
112.77625
113.23699
112.53467
113.29091
112.50194
113.13824
112.53759
113.17268
112.64968
113.25895
112.62333
113.24606
112.7998
113.24771
112.69765
113.15858
112.70466
113.26612
112.7928
113.11898
112.69973
113.27271
112.65908
113.10915
112.78094
113.06384
112.61782
113.16804
112.59648
113.09855
112.64199
113.22765
112.59452
113.14787
112.49545
113.07493
112.5114
113.24678
112.61864
113.18365
112.59097
113.24397
112.45979
113.08386
112.56315
113.07404
117.92293
118.20565
117.91984
118.22682
117.63114
118.30737
117.87435
118.25696
117.63831
118.26337
117.59317
118.33789
117.73429
118.26933
117.84028
118.3607
117.60066
118.26807
117.87515
118.19806
117.7965
118.42404
117.80579
118.32869
117.82909
118.2811
117.84919
118.06977
117.96239
118.16899
118.01362
118.22454
118.20869
118.04655
118.07217
118.21064
118.15539
118.09581
118.19379
118.0814
118.08755
118.04816
118.17299
118.17548
118.20862
118.03738
118.35755
118.04562
118.04538
117.87302
118.04242
118.08595
118.06576
118.06657
118.11426
118.1487
118.06748
117.87293
118.25696
117.95155
118.3268
117.94889
118.33068
117.95362
118.22772
117.82806
118.30984
117.81355
118.34226
117.83549
118.23858
117.81392
118.41571
117.96808
118.31306
117.9241
118.37678
117.83308
118.25285
117.97437
118.21169
117.59396
118.28304
117.85876
118.30824
117.74213
118.31145
117.92941
123.35187
122.91386
123.26407
122.91854
123.28042
122.79939
123.36177
122.73957
123.33902
122.73333
123.30371
122.73225
123.2998
122.714
123.3649
122.72637
123.44924
122.72177
123.37021
122.66073
123.36124
122.6208
123.32682
122.77995
123.28475
122.69302
123.28474
122.61572
123.42885
122.64561
123.26635
122.72523
123.32135
122.96642
123.29882
122.92009
123.37021
122.81621
123.37847
122.81621
123.38441
122.96839
123.31152
122.83795
123.38035
122.91854
123.30102
122.82585
123.07081
123.07906
123.17381
123.18707
123.3675
123.0872
123.42458
123.19336
123.18395
123.06303
123.10278
123.21439
123.20112
123.01247
123.10357
123.09615
123.17033
123.18082
123.14655
123.20656
123.13719
123.22606
123.21985
123.1777
123.10828
123.18862
122.97653
123.31905
122.83219
123.382
122.84454
123.29048
122.70349
123.2812
122.67713
126.467
125.70627
126.4558
125.72654
126.41743
125.87148
126.43978
125.82452
126.46736
125.72248
126.3446
125.76588
126.37304
125.67503
126.41725
125.68788
126.41142
125.6758
126.49758
125.66742
126.41381
125.80386
126.42016
125.65364
126.43501
125.80811
126.4613
125.98901
126.35839
125.93854
126.42296
125.77112
126.47932
125.95525
126.47359
125.9593
126.47069
125.97136
126.40978
126.03208
126.35426
125.93803
126.45948
125.91848
126.38022
125.98982
126.51531
125.93147
126.52003
125.96564
126.39674
125.98211
126.52466
125.92611
126.52193
126.00936
126.41097
126.01785
126.36456
126.0287
126.4229
126.16109
126.45295
126.22141
126.4402
126.17618
126.28068
126.26257
126.16531
126.18534
126.20036
126.27725
128.28836
128.31093
128.21065
128.17734
128.20282
128.31772
128.25703
128.16898
128.18877
128.26889
128.2556
128.17497
128.2935
128.24805
128.02986
128.19043
128.18559
128.40268
127.94312
128.2995
127.95481
128.51459
127.95107
128.54904
128.03809
128.36107
128.08783
128.36438
128.05611
128.41637
127.96183
128.50653
127.91055
128.3358
127.66776
128.47362
127.80033
128.54343
127.75554
128.50452
128.04659
128.39827
128.03366
128.45947
127.95733
128.37398
127.79082
128.48767
127.71706
128.42165
127.70037
128.37889
127.67893
128.44278
128.08836
128.53291
128.06047
128.45782
127.99019
128.48642
127.94195
128.56396
128.00616
128.48694
127.9864
128.4501
128.01488
128.43546
128.04927
128.43393
128.08975
128.5784
127.95101
128.5811
128.08444
128.51775
128.03615
128.35925
128.03975
128.41531
128.0554
128.51331
128.03558
128.28345
128.04643
131.43582
131.14351
131.56581
131.11255
131.55402
131.26253
131.29646
131.23805
131.40372
131.38568
131.40263
131.33479
131.30206
131.36507
131.32085
131.39319
131.27278
131.26552
131.26718
131.41638
131.2747
131.2652
131.35071
131.58743
131.13718
131.33255
131.04901
131.53903
131.04979
131.63846
131.03294
131.56615
130.97987
131.49886
131.13329
131.50673
130.99129
131.62456
131.01935
131.6008
130.76987
131.64859
130.90759
131.58072
131.10367
131.54321
130.79068
131.65611
130.87692
131.66591
131.06186
131.49736
130.78551
131.64046
130.78586
131.51534
130.99911
131.55875
130.74219
131.60632
130.75974
131.66347
131.04236
131.67235
130.77504
131.52721
130.91058
131.58516
131.05827
131.64264
130.99039
131.5358
131.06937
131.6362
131.13138
131.6362
131.35945
131.54749
131.28014
131.25801
131.35078
131.37183
131.29292
131.32115
131.29485
131.00081
131.51648
131.11775
131.64005
131.01604
131.58633
130.99535
131.60709
131.05051
131.64122
131.08458
131.57939
130.72899
131.59227
130.8053
131.52025
131.09575
131.56506
130.82408
131.4769
132.81595
133.58246
132.93831
133.65764
133.03372
133.64134
132.89397
133.53606
132.83434
133.66743
133.25772
133.55905
133.0527
133.69142
133.13768
133.57269
132.82324
133.73312
133.11209
133.60384
133.17036
133.33495
133.3203
133.45457
133.45502
133.47568
133.41753
133.40913
133.31128
133.43593
133.32776
133.44542
133.30945
133.32913
133.6409
133.41508
133.59691
133.40575
133.62518
133.07906
133.71356
133.12654
133.55374
133.19473
133.65775
133.07047
133.60127
133.09673
133.50923
133.07782
133.55002
132.92003
133.59885
132.89516
133.91341
132.88701
133.70842
133.19785
133.61409
133.2038
133.68071
133.16153
133.57291
133.0744
133.56358
133.17162
133.73836
133.13785
133.5923
133.19971
133.56354
133.16632
133.38097
133.44987
133.41998
133.44287
133.34042
133.39926
133.37318
133.62825
133.15791
133.32063
133.08931
133.73338
133.17537
133.58945
132.80956
133.66878
133.10817
133.69681
132.83429
133.57283
133.18158
133.73743
133.0788
133.6033
133.10829
133.51678
133.05959
133.63074
138.16124
138.7085
138.1636
138.41685
138.12877
138.4928
138.24243
138.76021
138.25223
138.73714
138.45332
138.45972
138.23547
138.46014
138.1915
138.67656
138.25261
138.79591
138.26352
138.72115
138.37849
138.70653
138.21541
138.69379
138.2285
138.80792
138.21104
138.43774
138.16406
138.76146
138.12234
138.68524
138.23694
138.70206
138.20464
138.53354
138.46919
138.71342
138.15178
138.44635
138.42456
138.43118
138.47624
138.46344
138.36386
138.40274
138.53581
138.19983
138.75937
138.10455
138.74609
138.12068
138.81264
138.28506
138.86191
138.14624
138.77002
137.88898
138.67239
137.93336
138.72032
138.12755
138.72321
137.85414
138.74495
138.16466
138.68573
137.92279
138.73973
138.30803
138.74768
138.17416
138.649
138.29057
138.79477
138.19917
138.76814
138.24394
138.66258
138.23773
138.44415
138.58769
138.49094
138.52177
138.54478
138.41876
138.37836
138.42551
138.4644
138.66928
138.20113
138.73033
138.14415
138.79874
138.17722
138.71613
137.85146
138.77357
137.94147
138.74861
138.20071
138.78932
137.90227
138.72554
138.03233
138.79059
138.22824
138.71822
137.98267
138.82391
137.96701
138.75685
137.99533
138.81879
138.15884
138.86288
143.14207
143.8219
143.2677
143.82277
143.27888
143.8069
142.97383
143.90211
143.18532
143.80893
143.07013
143.75381
143.05261
143.81181
143.0704
143.89824
143.2973
143.81181
143.07826
143.7749
142.9133
143.85843
142.99225
143.88966
143.06416
143.75279
142.97585
143.83731
143.02643
143.89635
142.98441
143.78169
143.05475
143.80319
143.02567
143.82823
143.4037
143.75595
143.40779
143.78426
143.27901
143.76489
143.31511
143.8204
143.28615
143.86555
143.26053
143.85297
143.25439
143.75272
143.24127
143.87202
143.30913
143.78462
143.34856
143.47945
143.1916
143.81145
143.26027
143.74837
143.33212
143.50438
143.32938
143.59164
143.62286
143.59093
143.54044
143.60022
143.53728
143.52881
143.48436
143.59601
143.58743
143.48088
143.58313
143.46169
143.47903
143.47772
143.50725
143.55096
143.79825
143.50029
143.83179
143.30943
143.87636
143.31342
143.81395
143.21541
143.81354
143.2692
143.86801
143.32094
143.77596
143.00394
143.81789
143.09406
143.81137
142.91573
143.82721
143.10403
143.78421
143.30035
143.79453
143.01422
143.90034
142.95419
143.78499
143.05762
143.72952
142.91899
143.88538
143.37425
143.76163
143.30072
143.83932
143.35466
143.8627
143.21057
143.92361
143.2802
143.81754
143.19775
149.06296
148.41417
148.94479
148.32567
148.95366
148.38937
148.94902
148.43112
148.9429
148.33716
148.89619
148.33041
148.90491
148.46434
148.94051
148.32007
148.91876
148.42889
148.94008
148.34415
148.99957
148.32973
148.95274
148.35812
148.9455
148.31755
148.90112
148.42159
148.96985
148.41864
149.01459
147.96095
148.95886
148.36472
148.99799
148.03522
148.79855
148.37732
148.95325
148.37762
148.87839
148.00421
148.94945
148.05872
149.00052
148.16942
148.98631
148.11909
148.88916
148.29625
148.90625
148.14915
148.88191
148.07996
149.02904
148.42883
148.97736
148.09016
148.89688
148.40829
148.8409
148.08136
148.94267
148.06738
148.99352
147.96268
148.90327
148.11043
148.95578
148.28955
148.88283
148.09087
148.90323
148.12132
149.00671
148.18661
148.96402
148.06392
148.91708
148.37003
148.99646
148.36694
148.98059
148.45547
148.8812
148.39662
148.91075
148.38963
148.96117
148.27512
148.8772
148.39761
148.91313
148.31544
148.94142
148.27625
148.91589
148.31221
148.98593
148.35632
148.9239
148.25203
148.93559
148.32579
148.92369
11.814493
11.760983
10.761104
11.494984
11.529462
11.404835
11.601328
12.096305
11.733344
11.662043
12.035546
12.04443
12.061909
12.193118
11.779356
11.706123
11.752383
11.659301
11.318008
12.219563
11.369295
12.071181
11.692319
12.198304
12.09249
11.442309
11.774482
11.445329
11.504158
11.395796
11.545404
11.922435
11.678371
11.389806
12.02669
12.077602
11.83215
11.344216
11.788368
12.157269
11.478191
12.162369
11.946174
12.236177
11.370999
11.971093
11.567413
11.798105
11.550986
11.623014
11.60975
11.779789
11.539619
11.226159
12.230289
11.785397
11.459363
11.45358
11.766373
12.245744
11.33529
11.496284
11.801748
11.782537
11.250157
11.722386
11.438756
12.194108
12.139099
11.260056
11.020423
11.954684
12.213432
11.046824
11.777514
11.444298
12.037771
11.523505
11.153672
11.738261
11.967922
12.005017
11.623229
11.90344
11.49522
11.771082
11.388028
11.409798
11.689649
11.939002
11.539677
11.759936
11.973155
11.434889
11.433267
10.961182
11.506274
12.188737
12.265955
11.738261
12.218367
11.879883
11.705939
11.294077
11.478157
11.944369
12.318621
11.333648
11.559792
11.397253
11.615226
11.893852
12.082001
11.05444
11.964103
11.233175
12.135092
11.534181
12.067319
11.531889
11.397431
11.937283
11.747248
11.725344
11.448154
11.416301
11.462051
11.444473
11.639635
11.433066
11.944101
12.123385
11.735656
12.271583
11.6863
11.472724
11.443317
11.962372
12.279055
11.455724
12.036685
11.567561
11.409941
11.972811
11.313276
11.279157
11.075814
12.307865
11.439624
11.721985
11.450669
11.538629
11.765481
11.02521
11.298756
11.415386
11.792701
11.804344
11.578676
11.793248
11.25358
11.53109
11.458503
11.882788
12.16116
11.151859
12.155696
11.362793
11.22607
11.614408
11.480859
11.520027
11.603571
11.503279
11.790367
12.097588
10.989869
11.253669
11.324704
11.836282
11.307767
11.093125
12.101472
11.360437
12.223707
12.040525
11.655747
11.269619
11.66152
11.24775
11.967416
11.771082
12.123232
11.398014
11.089243
11.833047
11.858814
11.724607
11.711456
12.008339
11.891715
11.76261
11.410517
12.100314
11.313461
12.026142
12.010455
11.609058
11.716173
12.153516
11.826072
11.286367
11.622433
12.095186
11.432402
12.021049
11.716173
11.892445
11.61124
11.270716
11.716599
11.771082
11.059999
11.967569
12.370817
11.454935
11.918524
11.901236
11.972588
11.925123
11.392636
11.321766
11.426705
11.692163
11.611513
11.85803
12.053251
11.593383
11.820459
11.361222
11.427381
11.467816
11.86957
12.067155
11.392779
11.523303
11.572293
11.683458
11.233327
11.634162
11.801461
11.523303
12.198448
11.328688
11.186252
11.855521
11.59803
11.757278
12.03888
11.186201
11.974368
11.853875
11.434743
11.913656
12.146898
11.176981
11.906624
12.091192
11.705535
11.325703
11.724667
12.02704
11.56615
11.678705
11.565655
11.320016
11.940796
11.5678
11.5434
12.010926
11.382545
11.590002
11.412572
11.744617
11.922528
11.285847
11.568443
11.717134
12.067155
11.348416
12.166715
11.988985
11.780035
11.36374
11.653878
11.6705
11.520745
12.082028
11.436933
11.790694
11.617681
11.672631
11.399547
12.003625
12.075095
11.650794
11.528742
389.22455
391.18048
389.48538
391.33447
389.51126
391.37656
388.509
391.36304
389.51926
391.50757
389.22501
391.1925
389.49432
391.35297
389.98853
391.17697
389.43594
391.1955
390.18417
390.28964
390.11725
390.2836
391.0816
390.28513
390.25912
390.19016
391.17352
389.60837
390.29611
389.4993
391.16898
389.431
391.37503
389.47098
391.32043
388.40424
391.18298
388.62836
391.22354
388.36331
391.38205
388.60162
391.29541
388.58231
391.19354
389.35495
391.37903
389.31613
391.36853
389.16183
391.18201
389.22754
391.38354
389.20465
391.15094
390.17273
391.50867
390.13928
391.15347
390.30557
391.05859
390.29309
390.28311
390.13483
390.29865
390.33057
390.17969
391.189
389.49432
391.18298
389.45956
391.1965
389.36926
391.24359
389.09924
391.21756
389.60645
391.29889
389.44809
391.186
389.34756
391.30389
388.4678
391.3515
388.45889
391.31442
388.40231
391.17496
388.28366
391.04108
389.57602
391.2984
389.23492
391.23505
389.21109
391.22455
389.24936
391.36804
389.5332
391.15799
390.21207
390.44598
389.28775
390.35352
390.17169
390.25217
390.33005
390.50793
390.28061
390.44135
390.4295
389.50726
391.25562
390.52188
391.16248
389.6647
391.21603
389.62286
391.31491
389.44742
391.16446
389.599
391.32544
389.66315
391.35403
389.56259
391.54416
389.44656
391.3425
389.49939
391.41647
388.58282
391.3981
388.59622
391.13748
388.5943
391.15997
389.45901
391.35251
389.47098
391.21204
389.36145
391.15649
389.32358
391.29242
389.4834
391.34601
389.4585
391.22156
389.48346
391.34445
390.37048
391.203
389.36194
391.06461
390.41141
390.26169
390.16077
390.35956
390.27615
390.25571
390.27817
390.31262
390.18771
390.31058
390.13483
390.0939
390.27615
390.52994
390.25171
390.2482
390.26117
390.24274
390.16727
390.57141
390.34656
389.60342
390.2981
389.67715
391.15247
389.55466
390.27264
389.51331
391.15549
389.59946
391.28836
389.58948
391.30392
389.67569
391.21854
389.62589
391.26889
388.57043
391.49405
389.53876
391.35202
388.75256
391.15396
388.44452
391.30844
388.47977
391.40259
388.44901
391.36404
388.54675
391.3916
388.30835
391.18402
389.48642
391.20703
388.73016
391.33249
389.4993
391.34003
388.42807
391.32498
388.44058
391.23456
388.46835
391.2413
388.32791
391.08942
388.37949
391.09091
388.40134
391.14096
389.39478
391.12946
389.30322
391.0914
389.36642
391.1972
388.99387
391.02582
388.97192
391.04886
389.34799
391.13696
389.04556
391.2338
389.08539
391.17819
390.34747
391.23077
389.09866
391.14151
390.26962
391.30191
390.21078
390.19583
390.16434
391.0834
389.43118
391.06241
390.44897
391.20123
390.02509
391.11646
390.07593
390.13535
390.13171
390.96506
390.30258
390.22675
390.24567
390.51196
390.06244
390.25021
390.1423
391.05234
389.90186
390.1579
389.20465
391.07938
390.02756
390.07391
390.03949
390.37256
390.00259
390.47647
390.21078
390.16031
390.42999
390.15588
390.28217
390.3071
390.00659
390.40451
390.16534
390.01208
390.29211
389.44159
390.98257
389.50284
391.0954
389.17133
391.23227
389.33365
391.22726
389.39874
391.21225
389.35748
391.21027
389.25397
391.22928
388.46964
391.10992
388.59854
391.39984
388.48209
391.31143
388.28705
391.11441
388.37155
391.09488
388.59134
391.29941
388.60214
391.14948
389.49042
391.32596
389.57056
391.1655
389.58899
391.33395
389.36548
391.1655
389.47696
391.2999
389.36789
391.31995
389.46747
391.16995
389.56158
391.22754
389.45059
391.21204
389.5014
391.13898
389.49539
391.18402
389.55261
391.341
389.46451
391.19354
389.45505
391.30942
389.60498
391.2944
389.63181
391.22205
389.64828
390.34256
389.67365
391.168
389.47794
391.32748
389.47098
391.22858
389.48938
391.36951
389.51434
391.14145
388.67252
391.22958
389.66718
391.12695
388.64038
391.35803
388.55908
391.31293
388.53564
391.31995
390.34457
395.45844
395.50134
395.46292
395.16495
395.69498
395.67603
396.80923
395.59229
395.78268
395.44287
395.72931
395.59848
395.66263
395.55734
395.65189
395.63403
393.72382
396.22531
393.71643
396.44687
393.86639
396.36154
393.92691
396.26273
394.05167
396.24228
394.78595
396.13947
393.85147
396.12057
394.01752
396.07727
394.81326
396.03082
396.55899
394.67209
396.3165
394.62689
396.40891
394.60703
396.36185
393.57639
396.86517
393.72189
396.41483
393.74063
396.32843
393.5853
396.4184
393.6799
396.50653
393.67099
396.54709
393.65302
396.36102
393.74966
396.66742
393.57742
396.54251
393.78482
396.55112
393.53729
396.53909
394.50821
396.59515
394.50574
396.40891
393.57639
396.45392
394.61548
396.37192
394.66122
396.62708
394.62488
396.35043
393.72931
396.36694
394.21194
396.37686
394.64481
396.38129
394.71588
396.37335
394.59695
396.52661
394.58411
396.50253
394.49271
396.57758
393.75256
396.4064
394.51108
396.55811
399.71881
401.74268
399.83231
401.54044
399.61847
400.43079
399.63052
401.70377
399.57965
401.69431
399.34329
401.64597
399.56842
401.84814
399.79529
401.81741
400.69586
401.52765
400.47943
401.32401
400.5719
400.95178
400.66037
400.56662
400.45462
400.87064
400.89798
400.86481
400.72025
400.67798
400.86649
400.85718
400.53671
400.47662
400.83813
400.83084
400.81805
400.80548
400.80548
400.79453
400.65109
400.89548
400.58252
400.78162
400.50443
399.74011
400.75153
400.73581
400.61032
400.55731
400.52615
400.84921
400.47644
400.85437
400.5903
400.82587
400.8335
400.76135
401.00998
399.75449
400.64627
399.7897
400.66632
400.8479
400.51337
400.70914
401.54507
399.89435
400.63287
399.93439
401.50571
399.78918
401.54459
399.78439
401.64145
399.77762
401.8241
399.02582
401.5582
399.74295
401.73071
399.0293
401.71558
398.54266
401.54077
398.8761
401.694
398.84088
401.53711
398.65088
401.70828
398.68359
401.50754
398.83347
401.57083
399.65378
401.64777
399.54187
401.52417
399.86484
401.71329
399.7002
401.56934
404.9725
406.91626
404.98117
406.68451
404.87042
406.99832
404.92801
406.49789
404.71402
406.74915
404.71552
407.04184
405.52313
406.70569
405.14166
406.72729
405.5834
405.77634
405.7515
406.04459
405.58118
405.57202
405.5304
405.94077
405.88834
404.92529
406.92548
405.00711
406.75485
404.93567
406.74594
404.90106
406.74121
405.08551
407.06601
404.81854
406.74197
403.97012
406.86572
404.09439
406.91574
404.82965
406.71634
403.97458
406.73349
404.80246
406.71832
403.86011
406.772
404.73874
407.12653
404.80692
406.71216
404.88303
407.00452
404.8479
406.76483
404.46365
406.0788
404.8736
405.85934
408.87125
408.98273
409.02878
409.1373
408.96637
408.9751
409.08594
408.8916
408.85217
409.07092
408.94296
407.90027
409.85254
407.79291
409.76431
407.92725
408.91736
408.24115
409.91379
408.08514
409.8623
408.0491
409.79327
408.23621
409.80191
407.98053
409.99954
407.99103
409.90155
406.99435
409.82193
407.09357
410.12381
407.1236
409.93149
406.98795
410.1254
406.99454
409.88364
407.07483
410.01099
406.9538
409.87555
406.94955
409.97934
408.11658
409.88861
407.96082
409.89243
407.87985
410.00238
407.83081
409.77112
407.71823
409.80371
408.07065
409.06213
408.78543
410.09711
409.14197
408.97443
411.0213
410.99142
410.99579
411.24796
410.99246
411.22223
411.02664
410.1095
411.39468
409.95657
411.95718
410.15689
411.94131
410.07266
411.88214
411.12833
410.85187
409.9472
412.30344
410.22137
412.13004
410.29324
412.09689
410.24902
412.15076
410.23929
411.73941
410.14957
412.35797
410.15094
412.15967
410.30432
411.99341
410.02396
411.77658
410.0687
412.30545
410.19949
411.8793
410.22351
412.41064
410.29819
411.99677
410.31668
412.10608
410.14352
412.23837
409.88721
411.97672
410.06989
411.97592
409.95111
411.84552
415.10486
417.09521
415.21027
417.13428
415.17282
417.00058
414.22318
417.08975
414.26935
417.24646
414.29196
417.21777
414.2562
417.08386
414.23645
417.06744
415.24963
417.00555
414.96561
417.22144
415.10141
416.94461
415.07483
417.37997
415.19302
417.08685
415.12949
417.17859
416.20178
417.13031
414.82202
417.40948
414.81506
415.97083
416.21454
416.33917
421.15482
421.51736
421.31851
421.3783
421.12543
421.07431
421.10553
420.47229
420.93149
420.32962
422.26199
420.34732
421.92719
420.47177
422.2103
420.31787
422.35248
419.38583
422.11374
419.19531
422.28619
419.23013
422.40726
419.34088
422.21561
419.17734
422.38065
419.22571
422.32977
419.19595
422.19687
419.14941
422.42325
419.21051
422.04919
420.1983
422.35287
420.32037
422.36774
420.10577
422.06644
420.07635
422.12823
420.38663
422.32037
10.563082
10.925638
10.421065
10.293195
10.500605
9.9889574
12.092422
12.470284
12.434273
12.065787
11.32414
12.14037
12.335459
10.367328
11.008971
11.787567
10.441356
12.194463
11.642941
11.40066
11.205815
11.523596
12.107298
11.890448
12.160618
11.901142
11.946454
11.579006
10.885695
10.622558
11.897462
10.299321
11.717286
10.83087
12.495608
12.289504
10.665028
11.78981
12.043135
11.686451
12.239947
12.345887
11.854342
11.776526
12.31898
11.144719
10.415296
12.669793
11.049646
11.863193
10.598435
11.213566
12.049734
12.09226
11.733139
12.449561
11.047991
11.888632
11.018871
12.049933
12.542492
11.926501
10.801322
12.197649
11.595506
11.10678
12.480975
12.080534
11.803723
11.919227
11.42671
12.339853
11.303318
11.848494
11.393004
11.601176
10.640487
11.962015
11.757326
391.16446
388.40527
391.23376
388.47949
391.03329
388.53607
391.24478
388.51425
391.22125
389.44904
391.23526
388.20901
391.08734
388.47601
391.10989
389.28033
391.07034
389.18924
391.3493
389.28079
391.34177
389.25592
391.28467
390.31851
390.61295
390.24661
390.40448
390.375
390.28308
390.50491
390.40302
390.13333
390.42294
390.02847
389.54062
391.07983
389.40918
391.10638
389.36685
391.20169
389.45547
390.97903
389.3877
391.2518
388.22675
391.19769
388.31836
391.04526
388.3923
391.13593
388.32828
391.1369
388.48547
391.10287
388.40671
391.05829
389.1972
391.13391
389.54111
391.24982
389.22705
391.22372
389.47641
391.27786
389.38531
391.0528
389.29816
390.40701
390.32846
390.4245
390.16211
390.41898
390.1088
390.14868
390.30902
390.32651
390.46744
389.49774
391.36935
389.56354
390.44696
389.3519
390.38101
389.50668
391.34732
389.44998
391.0498
389.15735
391.3428
398.78149
401.65897
398.63373
401.60025
398.72845
401.69489
398.56296
401.60791
398.70157
401.57397
399.48969
401.43542
398.58185
401.44342
399.53818
401.49512
399.66956
401.69077
399.69632
401.68924
400.59912
400.6301
400.57227
400.80414
400.76801
400.60989
400.64566
400.742
400.68463
400.63986
401.43909
399.85486
400.78659
399.8421
400.80099
399.79303
400.79269
399.72787
401.76291
399.83203
401.85974
399.5108
401.66647
399.64166
401.43295
399.71204
401.47336
399.63705
401.67596
399.75842
401.66998
398.75912
401.61371
398.582
401.6207
398.65842
401.89581
398.63583
401.67365
398.78531
401.72482
398.57904
401.6954
398.78281
401.64481
398.4259
401.88034
399.4285
401.41617
399.67734
401.80948
399.55341
401.83011
399.52567
401.67896
399.66461
400.7869
400.42102
401.67664
400.37384
401.68811
400.57593
400.90549
400.60956
400.64288
400.56183
400.65378
411.1391
410.89941
410.9621
411.12997
410.98798
410.03384
411.85669
410.01447
412.10922
410.07562
412.04431
409.98831
411.86746
409.09534
411.84763
410.1633
411.7381
409.11682
411.87256
409.04694
411.99622
408.93811
411.8063
408.89468
412.01599
408.90616
411.94641
409.07025
412.05026
408.87418
411.79141
408.85962
412.05463
409.8555
411.80396
409.8111
411.82828
409.8833
411.7803
409.81009
411.87939
409.81686
412.21945
409.99982
411.68375
409.90875
411.86368
409.85138
412.0704
409.7529
412.11282
409.78925
412.09991
411.03583
412.12067
409.8558
411.99985
409.87177
410.88306
410.83527
411.99112
409.948
411.83536
410.73306
410.82129
410.81534
411.99316
410.96359
411.1369
410.84995
421.1153
421.32938
421.31677
421.13312
421.26239
421.20224
421.13553
420.98969
421.23477
422.08771
420.17435
421.25299
420.26041
421.1593
420.24863
422.60461
420.32138
422.46964
420.13458
421.99799
420.26334
422.43356
419.25516
422.42868
420.30267
422.52692
420.09872
422.42911
420.11636
422.47318
420.14044
422.41586
419.31937
421.97675
419.28073
422.43903
419.32431
422.59128
419.07556
422.60071
420.2442
422.38663
419.28415
422.2706
420.2403
422.40198
420.27176
422.40689
420.4841
422.38712
420.26141
422.37976
420.1449
422.36536
419.33408
422.27548
420.11493
421.95255
420.08453
422.0889
420.2384
422.49744
420.30762
422.42075
420.28998
422.35843
420.29388
422.43857
420.22757
422.32883
420.24283
427.54077
425.44809
427.64246
425.41699
427.56433
425.24182
427.70792
425.4744
427.57385
425.61923
427.5434
425.44351
427.5867
425.40723
427.44449
425.37289
427.55972
425.58801
427.57074
425.43515
427.39597
425.37469
427.69202
424.26007
427.62012
425.48581
427.36481
424.44952
427.34094
425.4747
427.64169
424.47864
427.54309
424.47021
427.5928
425.22159
427.74133
424.25409
427.79733
424.25339
427.58441
424.30234
427.65417
424.29099
427.61053
424.27878
427.45663
425.47409
427.62555
425.25052
427.55774
425.29672
427.60007
425.23544
427.64447
425.22223
427.49414
425.2095
427.36703
425.20871
427.57614
425.28485
427.66702
425.43463
426.46307
426.47797
426.42978
426.33679
426.56793
426.4686
426.46484
426.47025
426.44583
426.54861
426.46371
426.16556
430.71066
431.66052
431.70782
431.6662
431.63263
431.80658
431.56674
431.56088
430.871
431.42865
431.93427
431.66132
430.36829
431.5444
430.37076
432.5835
430.77097
432.46497
430.42654
431.40781
431.61368
431.63159
431.8356
432.59555
430.77832
432.5975
430.58362
432.62781
430.60349
432.63199
429.83246
432.73993
430.8237
432.61359
429.84979
432.95483
430.62793
432.81583
430.63632
432.80182
430.2088
432.81192
430.44073
432.79193
429.44513
432.8316
429.46313
432.54532
429.40021
432.81506
430.61203
432.98575
429.64679
432.698
430.43018
432.76038
429.57724
433.04657
429.41565
432.83627
429.61386
432.63547
430.54028
432.78226
429.47437
432.77765
429.47089
432.76657
429.48419
433.00516
429.64749
432.76682
430.58755
432.79074
429.61575
432.82373
429.43097
432.83777
429.4527
432.73798
429.32605
432.78995
429.41531
432.77792
429.36337
432.57047
429.39777
432.92883
429.4249
432.63351
429.3671
432.59604
429.46683
432.77563
429.38931
432.77618
430.49554
432.75769
430.54105
432.88556
439.87537
443.14761
440.79434
443.20743
440.7583
443.22269
440.7334
443.19519
440.86795
443.15152
439.69934
443.20645
440.75693
443.00198
440.67264
443.18979
440.7431
443.33792
440.75
442.99857
440.76904
443.24683
440.70511
443.24475
440.7421
443.20309
440.77777
443.18048
440.74765
443.04605
440.74121
443.14468
440.73291
443.19473
440.7738
443.15347
440.70383
443.12009
440.95929
443.14072
440.86517
443.18927
440.8255
443.13187
440.73242
443.23544
440.77151
443.14218
441.92026
443.32324
441.96674
441.94415
441.80499
441.93192
441.92648
442.14987
441.93045
441.95743
441.95197
442.08527
441.93295
442.37677
442.02005
441.9823
441.94427
441.95346
442.11807
442.20877
441.91586
441.93976
442.13574
441.76163
441.95691
441.92661
442.1528
441.05096
441.81192
441.95889
441.91821
440.89673
442.07114
441.95447
442.09607
440.75723
443.4249
440.78705
443.22766
440.93448
442.99844
440.91324
443.20554
440.8851
442.95728
440.88312
443.02942
441.11542
442.82303
441.07922
443.16376
440.69437
443.31631
440.06921
443.34726
439.71292
443.13721
439.73349
443.16672
449.93768
453.48553
449.9212
453.38733
450.6185
452.88519
450.27164
453.09479
450.39066
453.17462
450.1033
453.18863
451.31931
453.33972
451.3764
453.10291
451.33893
453.30334
451.55469
453.42105
451.3602
453.17068
451.17526
453.32144
451.45294
453.56015
451.11972
453.57022
451.17676
453.36334
451.33908
452.46365
451.397
453.5755
451.14853
453.49423
452.20505
453.75925
451.36261
453.53513
452.04916
453.69888
452.23727
453.6824
452.28391
453.7337
451.1669
453.67181
452.4339
452.45569
452.28345
452.29141
452.27756
452.314
452.39352
452.48175
452.40952
452.46661
452.23776
452.29431
452.47296
452.22266
452.23566
452.22476
452.28229
451.19022
453.5246
451.26669
452.43115
451.22519
452.40866
451.34784
453.52115
451.15845
453.34088
451.3743
453.50275
451.17123
453.36975
451.1839
453.72946
451.15942
453.98572
451.23364
453.50156
450.99554
453.61511
451.03879
453.50388
451.39194
453.52182
461.68924
463.90942
461.69016
463.72717
461.47034
463.96683
461.44247
463.71503
461.4816
464.10751
461.4873
463.85132
461.51819
463.94739
461.50766
464.13724
461.50186
463.8732
461.7222
464.13382
461.37769
463.88586
460.2662
463.88452
460.41977
463.89447
460.4136
463.90921
460.21878
464.16119
461.49518
464.07169
460.21109
464.11197
461.31839
464.19046
461.30002
463.92377
461.31613
463.95276
461.31598
463.94583
461.34763
463.96143
461.38904
463.92667
461.56375
463.92523
462.47409
463.98523
462.47128
462.65604
462.46033
462.44458
462.43729
462.61716
462.57498
462.78601
462.64111
462.56796
462.57306
461.53479
462.83389
461.4559
462.61145
461.49301
463.72717
461.49203
463.89447
461.47989
464.13864
461.53479
463.93918
461.45578
463.94971
461.68063
463.9379
379.1907
380.96912
379.13864
381.10834
379.14594
380.99026
378.92517
380.96808
379.11972
381.05603
379.1347
380.95801
379.05841
380.83075
378.91541
381.03992
378.28055
380.69363
378.25781
381.08075
378.25586
380.96286
378.0694
380.81787
378.32367
380.99426
378.04996
381.09805
379.12271
381.08145
378.06293
380.97241
378.16748
380.98453
378.508
380.95551
378.06793
380.98804
378.06265
381.01855
378.09659
380.97696
378.24258
380.97897
378.0809
380.97592
378.23462
380.99911
378.08588
380.9538
378.09665
381.10834
378.09213
381.04364
378.17108
381.11823
378.21689
380.97714
378.03177
380.8252
378.16022
381.02631
379.34711
380.93317
378.1662
380.96658
378.22638
380.94522
378.09137
380.79016
378.10858
381.03607
378.12555
380.95129
378.22836
380.85034
378.04987
380.95056
378.13727
380.99628
378.15298
381.06766
378.38654
381.1524
367.94119
370.74982
367.79846
370.71588
367.81802
370.44394
367.68695
370.56116
367.69955
370.46976
368.55869
370.34689
367.88269
370.43887
367.88464
370.55948
367.84659
370.57214
367.80582
370.54962
367.86664
370.53482
367.82333
370.56531
367.82645
370.73273
367.82703
370.44342
367.83499
370.57581
367.65765
370.59064
367.80438
370.49997
367.83447
370.57581
367.65002
370.59964
367.80798
370.61975
367.78531
370.46976
368.62988
370.57407
368.5213
370.48441
367.86969
370.43127
368.6532
370.30087
368.65109
370.55453
368.67685
370.44153
368.60913
370.57367
368.6496
370.45377
368.60022
369.55685
368.74371
369.60947
369.48218
369.59393
369.50613
369.59457
369.47021
369.7233
369.5036
369.6636
369.47394
368.76602
369.64948
369.68781
11.117395
11.693204
12.128641
11.819337
11.248631
11.218792
11.516099
11.857039
11.666231
12.679236
11.215461
11.68827
11.215322
12.41799
12.010051
11.009699
11.318305
11.397298
11.688478
11.402666
11.278448
11.572598
11.007129
11.553587
11.238667
11.537288
12.233588
11.500322
11.655315
11.442598
11.40911
11.80283
11.765115
11.005127
12.22356
11.58661
11.431595
11.337897
11.465607
11.149795
11.386497
12.334701
11.272914
11.865723
11.431505
11.932446
12.275891
11.191145
11.191283
11.740513
11.827951
12.112821
11.757
11.718583
11.663488
11.244082
11.333731
11.202886
11.214063
11.8852
11.621918
11.36231
11.959552
11.20266
12.339911
11.547256
12.108888
11.939682
11.144419
12.500761
11.040648
10.853991
12.124716
12.217912
11.506128
11.632948
11.676919
11.677315
11.797735
11.330002
11.88964
11.443044
11.754175
12.015173
11.693204
11.627553
11.932884
11.053567
11.781174
11.284332
11.608788
11.487984
11.786521
11.688085
11.826733
11.655408
12.073369
12.391527
11.685659
12.009929
11.138717
11.324224
11.426118
12.333728
11.902433
11.555135
11.079087
11.999194
12.110018
11.38673
11.416581
11.610693
11.996855
11.380836
11.665684
11.632463
12.261397
11.076968
12.172144
11.863449
11.398942
11.748295
11.320072
11.464735
11.9699
11.046721
11.799815
11.075081
12.276509
11.54114
11.843731
12.438278
12.005695
11.77275
11.276147
11.454988
11.696884
12.071491
11.311368
11.432944
11.955896
11.867612
11.971997
12.018253
11.809194
11.114539
12.270479
11.856789
11.255478
11.566731
11.28414
12.152452
12.259913
11.945087
12.562541
11.652395
11.437443
11.704296
11.727119
11.455256
12.228517
11.28639
11.955991
11.415937
12.073819
11.753617
11.950679
11.789362
11.271956
11.513072
11.408458
11.718068
11.219028
11.602051
11.110035
11.098196
11.580178
12.213588
11.292116
12.28198
11.507832
11.23138
12.240224
12.106201
11.677253
11.649452
11.427215
11.610126
11.878769
11.977195
11.091828
11.476052
11.884014
12.148544
12.355796
11.5659
11.594327
11.54938
11.975799
11.88001
11.633315
11.289032
11.550327
11.154681
11.001448
11.975705
11.443134
11.737168
11.896336
10.911405
11.516314
11.480954
12.401743
12.050212
12.255116
11.59403
11.688726
11.337356
11.743523
11.560946
11.599728
11.851528
11.204272
11.18248
11.961296
11.605087
11.175501
11.505595
11.352939
11.25863
11.493752
11.388051
11.693972
11.444096
12.138227
12.381652
11.459229
11.05123
11.499507
11.37656
11.727212
10.817198
11.237947
11.571977
11.819551
11.365112
12.286448
11.472155
11.460143
11.975734
12.207297
11.786516
12.365348
11.883888
11.880415
12.272121
11.261237
11.274665
11.993934
11.415918
11.386622
11.533365
11.493662
11.229362
11.716049
11.633017
11.169686
11.443862
11.198296
11.472064
11.471478
12.001891
11.244436
12.480176
11.23786
11.65819
11.255971
11.965066
11.610785
10.987408
11.577648
12.050241
11.215851
11.438315
11.644189
11.85685
11.533097
12.177517
11.307448
11.06298
11.443315
11.391765
11.836954
11.431357
10.836502
12.083696
12.106621
12.136746
11.677681
11.503556
12.037038
11.097551
11.341581
11.188272
11.688483
11.759077
11.369863
11.884138
11.47706
11.354245
12.578208
11.472064
11.809408
11.404829
11.30161
11.840845
11.426436
11.778074
11.655414
10.888161
12.291997
12.210521
11.588635
11.840815
11.487579
12.061409
11.616759
11.544806
12.207285
11.285074
11.250109
11.438675
12.391671
11.421906
11.387034
11.550271
11.825357
11.830153
11.420173
12.490809
11.460288
11.699055
11.84758
12.013124
12.181038
11.446232
12.074298
11.835669
11.582627
11.889537
11.677832
11.96488
11.999158
11.406789
12.037132
11.558119
11.486092
11.844101
12.033182
12.113058
11.849537
11.242259
12.187255
11.718404
12.428577
11.541321
11.305902
11.260379
11.536336
11.844101
11.624578
12.016798
10.852821
11.384276
12.366008
11.773119
12.081016
11.682519
11.713339
11.86583
11.20787
11.514211
11.572454
10.982162
12.413243
11.243541
11.104561
11.649555
12.614226
11.571535
11.770498
11.588726
11.507957
11.538115
11.104032
11.993604
11.76759
11.011944
11.410449
11.013091
11.607989
11.896487
11.666291
11.912732
11.500204
11.024855
11.808213
11.323671
11.786516
11.346371
11.21804
11.260814
11.126489
11.896708
11.600071
12.143836
11.352719
11.347032
11.359885
12.207449
11.558886
11.727304
12.023811
11.858629
11.392033
11.181385
12.119802
11.754876
12.178835
11.175765
11.182654
11.555621
11.723827
11.414974
12.099817
11.994216
11.159665
11.760272
11.859521
11.454426
11.404739
12.122623
11.772978
12.113294
11.200992
11.036524
11.781253
11.296083
11.660734
11.847312
11.932571
11.968801
11.844194
11.202102
11.297825
11.447048
12.081177
11.21365
11.334123
11.887888
11.491088
11.367325
12.588737
11.77905
11.482142
12.413116
11.296225
11.699086
12.170446
11.194957
11.341528
11.726414
12.355
11.32685
12.058487
11.494518
11.181297
11.561161
11.599332
11.70999
11.738487
12.121256
11.571568
12.361714
11.307306
12.007774
11.347441
11.466422
11.8368
12.09848
12.20757
11.770416
11.793341
10.999307
11.380335
12.234981
11.505055
11.253774
12.081254
11.253596
11.208009
12.017372
11.276589
11.19192
11.715621
12.036972
11.895186
11.945397
11.802777
11.787618
11.17333
11.425494
11.467402
11.682611
11.263563
11.828352
11.583474
11.482708
11.699179
12.058215
11.808459
11.397323
12.20936
11.504965
11.676891
11.064547
11.354192
12.133377
10.969919
12.307602
12.434056
11.526774
11.759261
11.705364
11.500148
11.858752
11.13785
11.307485
11.781253
11.018015
11.726506
11.549709
11.131127
11.505292
11.988098
11.896894
12.198993
11.307395
12.304657
11.465856
10.899666
11.988826
12.664869
11.380424
11.380902
11.622101
11.6056
11.798133
10.626757
11.782235
11.435025
12.011624
12.118378
12.011624
11.635972
12.038421
11.384366
12.160892
11.440556
11.555525
12.676132
11.120683
11.317921
11.303298
12.117065
11.114927
11.249591
11.438585
11.284583
11.461208
11.442833
12.30927
11.847312
12.039764
11.52191
12.480445
12.396987
11.808274
11.672247
11.805385
11.313001
11.148311
11.510802
12.020129
11.588999
10.847036
12.015643
11.285022
11.831346
11.848507
11.793001
12.583143
11.019153
11.916444
11.24451
11.927374
11.754969
10.888202
12.149182
11.092004
11.465766
10.882328
10.976891
11.438585
11.204398
12.14106
11.575448
11.7706
12.212863
11.063828
11.82548
11.29224
11.591739
11.767742
11.282197
11.350438
10.917827
11.389781
11.903861
12.444245
11.871133
11.627125
11.508574
11.397501
11.838598
11.476614
11.696295
11.649967
11.433213
12.233961
11.258105
11.397556
12.567733
10.953619
11.539197
10.982666
11.14929
11.6162
11.633049
11.346602
11.605691
11.386177
11.561309
11.632951
11.240939
11.554824
11.555763
11.516438
12.103788
12.292278
11.309193
11.726657
12.012847
10.954822
11.195359
11.770819
11.737445
11.145899
10.674831
11.186386
11.38006
12.042431
11.794249
11.215296
11.859551
11.346602
11.55303
11.36937
11.114006
12.133072
12.109158
11.387124
10.663342
11.48776
11.324648
11.018235
10.851757
11.494079
11.78936
11.047425
11.364055
12.159959
10.65711
12.239347
11.44451
12.286746
11.879077
12.031562
11.263791
11.407784
11.218354
11.435171
11.373069
12.031534
12.059913
11.952563
12.049473
11.265276
11.806474
11.941871
11.613774
11.800554
11.669203
12.006192
11.735058
11.997417
11.855154
11.879077
10.965238
10.934875
11.902072
10.981797
11.869108
11.666415
11.814888
11.028173
11.880335
11.797679
11.532555
11.803117
12.302634
10.63285
10.829458
11.927466
11.820354
11.970309
11.180574
11.970397
10.931392
12.004483
11.386322
11.548037
11.550129
12.4552
11.364321
11.680139
11.391932
10.886976
12.228864
12.109449
12.239443
11.548094
11.49332
10.650776
11.825665
11.69942
11.538476
11.825097
11.782036
11.633439
11.242664
11.707194
11.990425
11.745961
12.578526
11.925676
12.33485
11.51349
11.806166
11.46263
12.324387
11.98505
11.952686
11.947263
12.392591
11.825912
11.82485
11.215106
10.917781
11.836495
11.01687
12.047767
10.75238
11.983099
11.063067
11.765574
11.661009
11.093793
11.959823
12.170454
11.884417
11.961504
10.952226
11.918616
11.575677
12.292302
11.205635
12.392228
11.691234
12.276493
10.782252
12.391889
11.696554
11.766037
10.75238
11.940055
12.204616
11.73794
10.505655
11.98328
12.583461
11.655069
11.884851
11.111337
10.870968
10.752309
11.457732
11.208274
12.261765
11.54723
11.040764
11.911399
11.638589
11.943887
11.255177
11.126615
11.482357
12.050777
11.186336
11.726383
12.302731
12.050712
11.677449
10.751111
11.75453
11.824881
11.83668
11.627896
12.439002
10.993215
11.710702
12.084292
10.841509
10.475671
12.292565
9.764863
11.392256
10.475252
11.163358
12.045265
12.036866
10.553197
9.9321547
10.882499
11.803976
11.81408
10.759475
11.511654
12.490904
10.536494
12.3817
11.410152
10.425637
11.963618
11.724449
11.104593
12.235362
11.497133
12.139952
11.822824
11.311174
11.779141
11.427822
11.912957
12.194101
11.869637
11.759874
11.64432
11.776082
12.213171
12.267694
11.504906
11.332096
11.842136
10.506105
12.026375
11.382049
12.428488
11.999179
11.672071
11.999179
11.940212
10.816637
11.21537
10.229121
12.149434
10.54186
12.165302
12.52233
11.776672
10.360815
11.848043
12.294856
11.243754
11.859488
12.355695
12.351892
11.869637
11.917131
10.609221
11.895496
12.101583
11.73525
11.815011
10.22899
12.511593
10.483136
11.516171
11.268532
12.13908
11.514481
10.479932
11.478334
11.885708
11.932913
11.961943
10.614976
10.387177
11.997411
12.101516
11.195761
11.289757
11.063328
11.323975
11.37088
10.883072
11.438171
11.134771
10.946095
11.533064
11.677442
12.021156
11.566796
12.161342
12.0188
11.945468
12.58922
10.467168
11.538987
11.330519
11.575202
11.117083
10.899074
11.231357
12.48597
10.437874
10.900611
12.282887
11.844565
11.773856
11.139374
11.942057
12.629972
11.502874
11.817595
11.746389
12.134801
11.53623
12.102977
11.936595
12.537602
11.914802
12.444804
11.502582
11.638772
11.225404
12.407821
11.920363
11.513907
10.541456
11.776488
11.439178
11.605502
11.724357
12.360501
12.418572
12.133615
12.230087
12.004849
11.34354
11.180749
10.740331
11.527137
11.24251
11.099722
11.941649
12.02799
11.828176
12.29315
11.882504
10.497907
12.655522
12.387154
11.350562
11.367771
10.900611
10.900524
11.784298
10.47347
9.568285
12.547857
12.098669
11.041582
10.864857
12.676348
10.203934
10.46725
9.6850777
12.56364
11.328118
12.532386
12.056137
12.255556
10.359401
12.542624
11.7106
12.517042
12.320004
12.202475
11.600195
12.042748
11.776082
12.281878
12.361506
10.237776
12.257134
12.144201
9.9059315
10.387177
12.480662
11.521685
10.314319
11.140506
12.816669
11.403516
11.748802
11.749125
12.283339
12.522216
11.536624
12.015523
11.764932
11.070849
10.763088
12.160174
11.195623
10.540805
12.120087
12.276589
11.911132
10.619638
12.029718
12.276589
12.680138
11.961784
11.78707
11.929221
11.583838
11.232422
11.938416
11.380925
11.150676
12.219442
11.418324
9.6943407
12.102787
10.181179
11.189816
9.8773336
12.02282
12.070689
10.787992
11.271153
11.023567
11.541717
12.465193
9.9224167
11.849845
12.161342
12.355783
10.912207
11.271153
12.229992
12.108301
11.564021
10.283209
10.029185
12.397497
11.941899
12.690934
11.046753
10.746426
11.178415
11.345131
12.251143
9.9993591
12.054657
11.822886
12.731703
12.214187
11.467017
11.727117
10.870825
11.064177
10.655786
12.392655
11.765361
12.165302
12.273208
12.171846
12.2731
11.683068
10.863736
11.538419
10.419157
10.900765
11.819226
11.238338
12.167897
12.460186
12.746279
11.000407
11.79811
10.048005
12.115038
10.698206
11.991894
11.186738
11.84104
12.692057
11.617191
12.313633
9.5236101
11.787792
11.438082
11.169215
11.004307
12.68675
12.957087
9.9646568
10.474125
12.381967
12.330858
10.143129
11.775851
11.782159
11.911491
12.568524
12.726532
10.455045
11.644673
11.754807
12.527258
11.847868
11.566944
11.836958
10.681193
10.841679
12.077696
10.971671
12.294234
12.423836
10.468145
11.940399
10.733902
12.324313
11.453258
11.070888
11.635924
12.49116
12.200655
12.511788
12.253018
12.640976
12.141366
10.067032
11.827089
11.633374
9.9711819
12.207965
11.663724
11.324294
12.16898
11.499383
10.644305
11.776765
10.53497
12.080538
12.608933
11.352501
12.516897
11.918727
12.721561
12.287321
10.963118
11.577748
10.75171
12.691877
12.141466
10.716313
11.729832
12.752935
10.322453
12.579204
9.8932991
12.428682
10.235384
12.213362
12.691022
12.005132
10.650375
11.047503
12.725969
11.738461
12.685787
11.152207
12.226912
11.749553
10.085404
11.644469
11.710127
11.024464
9.8494282
10.977542
12.204881
11.398039
12.163706
12.889627
10.974842
12.402795
12.882948
12.096427
10.431293
11.538748
9.9328556
12.894658
10.692322
11.100169
11.940276
11.249892
12.680544
11.561193
12.37798
10.294122
12.031228
10.728314
12.258347
11.902287
12.731516
10.244256
11.786845
12.434158
12.393075
12.722591
12.051061
12.589325
12.58415
11.242929
13.102705
11.823072
12.619856
9.4248333
10.888916
11.757625
11.757286
12.263001
11.204045
12.563525
12.371505
12.81789
10.865529
12.141528
11.831589
12.645424
12.229342
11.805564
12.255773
10.794472
11.666718
12.111006
9.730608
9.7391186
11.001068
13.011278
12.620274
9.4975481
9.3682051
9.9714184
12.615312
12.414348
10.971844
9.9556026
12.783787
12.670787
12.915056
9.7312136
11.163984
11.911569
9.9710598
11.212896
12.512254
12.700931
12.522238
9.317214
10.099205
12.38798
12.604858
10.486821
11.826128
10.865273
12.863617
12.73218
11.064143
10.656721
11.680627
11.936968
10.133112
12.983921
12.144297
9.1531
